PICK-UP RATE BY CUSTOMER-LOCAL HOUR
===================================
attempts: 173,579   overall pick-up rate: 33.07%
local hours observed: 8-20 (no attempts outside this window)
bin threshold: read a bin only when n >= 200

pooled curve:
  hour       n   rate%    lo%    hi%
     8    3862    10.2    9.2   11.1
     9   13721    18.5   17.8   19.1
    10   14854    29.3   28.6   30.0
    11   15360    36.4   35.7   37.2
    12   15863    39.2   38.4   39.9
    13   15314    33.9   33.1   34.6
    14   14681    25.2   24.5   25.9
    15   14134    22.8   22.1   23.5
    16   14934    26.5   25.8   27.2
    17   14596    35.3   34.6   36.1
    18   15407    44.6   43.8   45.4
    19   16041    49.5   48.7   50.3
    20    4812    47.3   45.9   48.8
peak hour 19 (49.5%), trough hour 8 (10.2%), spread 39.3 pp
chi-square(hour x picked_up): chi2=7417 dof=12 p=0.00e+00 Cramer's V=0.207

SPLIT BY TIMEZONE (local hour)
==============================
group sizes:
  America/New_York         81086 attempts  kept
  America/Chicago          51390 attempts  kept
  America/Los_Angeles      28355 attempts  kept
  America/Denver            7581 attempts  kept
  America/Phoenix           3886 attempts  kept
  Pacific/Honolulu           928 attempts  DROPPED (too thin)
  America/Anchorage          353 attempts  DROPPED (too thin)
(group kept when it has >= 3000 attempts)

group                   peak   peak%  trough  trough%  spread pp   chi2 hour    p(hour)  vs pooled chi2  dof          p   MAD pp  noise pp   ratio
America/New_York          19    48.7       8     10.8       37.8        3130   0.00e+00              19   13   1.13e-01     0.59      0.48     1.2
America/Chicago           19    51.0       8      9.7       41.3        2555   0.00e+00              34   13   1.04e-03     0.84      0.60     1.4
America/Los_Angeles       19    48.4       8      9.3       39.1        1130  1.88e-234               8   13   8.13e-01     0.74      0.81     0.9
America/Denver            19    53.0       9     14.8       38.2         356   2.08e-70              12   11   3.94e-01     1.36      1.43     0.9
America/Phoenix           19    44.8       9     17.2       27.6         113   1.28e-19              12   11   3.42e-01     1.93      2.01     1.0

America/New_York curve:
  hour       n   rate%    lo%    hi%
     8    1817    10.8    9.5   12.4
     9    6470    19.7   18.8   20.7
    10    6905    30.3   29.2   31.4
    11    7246    37.0   35.9   38.1
    12    7493    38.9   37.8   40.0
    13    7067    34.4   33.3   35.5
    14    6769    25.5   24.5   26.5
    15    6596    23.2   22.2   24.3
    16    6882    26.4   25.4   27.5
    17    6842    34.7   33.6   35.8
    18    7243    44.0   42.8   45.1
    19    7543    48.7   47.5   49.8
    20    2213    46.9   44.9   49.0
America/Chicago curve:
  hour       n   rate%    lo%    hi%
     8    1133     9.7    8.1   11.6
     9    4035    17.0   15.8   18.2
    10    4371    26.6   25.3   28.0
    11    4464    35.5   34.1   36.9
    12    4572    39.0   37.6   40.4
    13    4728    33.7   32.3   35.0
    14    4329    25.2   24.0   26.6
    15    4254    22.3   21.0   23.5
    16    4419    26.4   25.1   27.7
    17    4265    36.6   35.2   38.1
    18    4590    45.9   44.5   47.4
    19    4771    51.0   49.6   52.4
    20    1459    47.5   44.9   50.1
America/Los_Angeles curve:
  hour       n   rate%    lo%    hi%
     8     604     9.3    7.2   11.8
     9    2239    18.6   17.1   20.3
    10    2495    30.3   28.6   32.2
    11    2522    36.2   34.4   38.1
    12    2583    39.9   38.0   41.8
    13    2466    32.8   31.0   34.7
    14    2474    25.0   23.3   26.7
    15    2195    22.9   21.2   24.7
    16    2519    27.0   25.3   28.8
    17    2395    34.1   32.2   36.0
    18    2530    44.3   42.4   46.3
    19    2546    48.4   46.5   50.3
    20     787    45.4   41.9   48.9
America/Denver curve:
  hour       n   rate%    lo%    hi%
     8     176     9.7    6.1   14.9
     9     588    14.8   12.2   17.9
    10     585    28.9   25.4   32.7
    11     697    36.0   32.5   39.6
    12     740    40.5   37.1   44.1
    13     623    35.6   32.0   39.5
    14     675    24.6   21.5   28.0
    15     660    22.1   19.1   25.4
    16     656    25.9   22.7   29.4
    17     661    36.9   33.3   40.7
    18     597    44.2   40.3   48.2
    19     724    53.0   49.4   56.6
    20     199    48.7   41.9   55.6
America/Phoenix curve:
  hour       n   rate%    lo%    hi%
     8     105    10.5    6.0   17.8
     9     303    17.2   13.3   21.8
    10     381    35.2   30.5   40.1
    11     320    36.6   31.5   42.0
    12     378    39.2   34.4   44.2
    13     318    31.8   26.9   37.1
    14     331    23.9   19.6   28.7
    15     317    21.8   17.6   26.6
    16     350    28.6   24.1   33.5
    17     311    35.7   30.6   41.2
    18     330    42.4   37.2   47.8
    19     335    44.8   39.5   50.1
    20     107    56.1   46.6   65.1

SPLIT BY AGE COHORT (local hour)
================================
group sizes:
  30-40                    63457 attempts  kept
  40-50                    42878 attempts  kept
  50-60                    26947 attempts  kept
  60+                      25152 attempts  kept
  18-30                    15145 attempts  kept
(group kept when it has >= 3000 attempts)

group                   peak   peak%  trough  trough%  spread pp   chi2 hour    p(hour)  vs pooled chi2  dof          p   MAD pp  noise pp   ratio
18-30                     19    49.3       8      9.7       39.6        1091  5.55e-226             281   13   2.76e-52     4.06      1.10     3.7
30-40                     19    56.7       8      6.7       50.0        6068   0.00e+00             831   13  3.12e-169     4.37      0.54     8.1
40-50                     20    53.4       8      7.2       46.2        2735   0.00e+00             123   13   4.77e-20     2.23      0.66     3.4
50-60                     19    48.9       8      9.5       39.4        1030  7.60e-213              24   13   2.84e-02     1.09      0.83     1.3
60+                       10    51.1      20     21.1       30.0         933  3.79e-192            4063   13   0.00e+00    16.12      0.87    18.5

18-30 curve:
  hour       n   rate%    lo%    hi%
     8     359     9.7    7.1   13.3
     9    1100    10.0    8.4   11.9
    10    1183    14.9   13.0   17.0
    11    1307    25.6   23.3   28.1
    12    1425    34.3   31.9   36.8
    13    1383    33.6   31.1   36.1
    14    1327    21.6   19.5   23.9
    15    1239    18.2   16.2   20.5
    16    1279    23.9   21.7   26.3
    17    1278    37.0   34.4   39.7
    18    1367    44.8   42.2   47.5
    19    1448    49.3   46.7   51.9
    20     450    46.7   42.1   51.3
30-40 curve:
  hour       n   rate%    lo%    hi%
     8    1401     6.7    5.5    8.1
     9    4932    12.0   11.1   12.9
    10    5270    23.0   21.9   24.2
    11    5584    35.9   34.7   37.2
    12    5828    41.7   40.4   42.9
    13    5627    33.4   32.2   34.7
    14    5198    19.2   18.1   20.3
    15    5032    14.7   13.8   15.8
    16    5324    21.3   20.2   22.4
    17    5459    36.7   35.5   38.0
    18    5824    49.1   47.9   50.4
    19    6117    56.7   55.5   58.0
    20    1861    52.1   49.8   54.3
40-50 curve:
  hour       n   rate%    lo%    hi%
     8     972     7.2    5.7    9.0
     9    3428    16.0   14.8   17.3
    10    3747    28.7   27.3   30.2
    11    3787    35.5   34.0   37.1
    12    3919    40.0   38.5   41.6
    13    3826    33.9   32.4   35.4
    14    3580    23.1   21.8   24.5
    15    3352    18.3   17.0   19.6
    16    3681    24.7   23.4   26.2
    17    3570    33.9   32.4   35.5
    18    3846    47.2   45.6   48.7
    19    3967    52.4   50.9   54.0
    20    1203    53.4   50.5   56.2
50-60 curve:
  hour       n   rate%    lo%    hi%
     8     570     9.5    7.3   12.2
     9    2161    20.5   18.9   22.3
    10    2305    29.7   27.8   31.6
    11    2334    33.8   31.9   35.7
    12    2549    39.2   37.3   41.1
    13    2334    35.3   33.3   37.2
    14    2257    26.3   24.5   28.1
    15    2208    23.1   21.4   24.9
    16    2376    28.1   26.3   29.9
    17    2289    37.1   35.1   39.1
    18    2306    45.1   43.0   47.1
    19    2528    48.9   46.9   50.8
    20     730    46.2   42.6   49.8
60+ curve:
  hour       n   rate%    lo%    hi%
     8     560    24.8   21.4   28.6
     9    2100    40.2   38.1   42.3
    10    2349    51.1   49.1   53.1
    11    2348    47.7   45.6   49.7
    12    2142    34.1   32.1   36.2
    13    2144    33.7   31.7   35.7
    14    2319    42.9   40.9   44.9
    15    2303    49.0   46.9   51.0
    16    2274    41.3   39.3   43.3
    17    2000    30.9   29.0   33.0
    18    2064    26.2   24.4   28.2
    19    1981    22.3   20.5   24.1
    20     568    21.1   18.0   24.7

AGE COHORT EDGE: single-year rates around the flip
==================================================
  age       n  morning% (9-12)  evening% (18-20)
   55    2471             34.9              49.6
   56    2594             32.9              47.9
   57    2677             32.1              38.7
   58    2044             33.1              45.8
   59    2481             27.0              46.9
   60    1708             42.7              21.7
   61    2108             46.5              27.1
   62    1453             46.1              16.6
   63    1565             45.5              30.9
   64    1768             38.6              28.1
   65    1415             41.8              24.0

SIDE CHECK 1: is the hour effect confounded by attempt volume?
==============================================================
all hours  hours 8-20: attempts per hour 3,862 to 16,041 (315% range), rate spread 39.3 pp, Pearson r(attempts, rate) = 0.27
core hours hours 9-19: attempts per hour 13,721 to 16,041 (17% range), rate spread 31.0 pp, Pearson r(attempts, rate) = 0.89
within-hour busy vs quiet days: mean |rate difference| = 0.93 pp over 13 hours

SIDE CHECK 2: weekday vs weekend curve shape
============================================
weekday  n= 124242  rate=33.0%  peak=19 (49.2%)  trough=8 (10.1%)  spread=39.1 pp  vs pooled chi2=5 p=0.98  MAD=0.23 pp (noise 0.39)
weekend  n=  49337  rate=33.1%  peak=19 (50.3%)  trough=8 (10.3%)  spread=40.0 pp  vs pooled chi2=12 p=0.55  MAD=0.57 pp (noise 0.62)

wrote pickup_by_local_hour.png, pickup_by_timezone.png, pickup_by_age_cohort.png
